ch-     00000000111111111010001001011101
ch      00000000111111110110001010011101
ch+     00000000111111111110001000011101
prev    00000000111111110010001011011101
next    00000000111111110000001011111101
play    00000000111111111100001000111101
vol-    00000000111111111110000000011111
vol+    00000000111111111010100001010111
eq      00000000111111111001000001101111
0       00000000111111110110100010010111
100     00000000111111111001100001100111
200     00000000111111111011000001001111
1       00000000111111110011000011001111
2       00000000111111110001100011100111
3       00000000111111110111101010000101
4       00000000111111110001000011101111
5       00000000111111110011100011000111
6       00000000111111110101101010100101
7       00000000111111110100001010111101
8       00000000111111110100101010110101
9       00000000111111110101001010101101

